1
0.997107562
0.997501907
0.995947739
0.995533701
0.976763873
0.978995575
0.957987782
0.958032957
0.951557837
0.93785885
0.933368971
0.919430882
0.918788238
0.901566069
0.895833672
0.901961103
0.896765886
0.883643299
0.884831198
0.889862435
0.887203328
0.873053866
0.853076926
0.855608554
0.859028021
0.863078674
0.867038425
0.867230324
0.869084062
0.868172149
0.871427145
0.872058346
0.875359975
0.876649988
0.867189014
0.869944089
0.867873574
0.863854024
0.866134049
0.866780642
0.869487502
0.87234099
0.869556057
0.870799038
0.871769685
0.867913432
0.863241275
0.856583067
0.856825288
0.857216694
0.859654834
0.853316846
0.853373039
0.853401056
0.852621852
0.840624715
0.837756916
0.837673033
0.836312316
0.83849324
0.837727521
0.838111963
0.838448481
0.832153488
0.83411174
0.836587684
0.837135678
0.836321654
0.837190897
0.839373948
0.839316523
0.840715013
0.842451712
0.842842954
0.840556812
0.839280274
0.835619585
0.835986716
0.827987279
0.829436297
0.820845611
0.820403787
0.820773469
0.820753422
0.812271711
0.813967684
0.814843529
0.808901371
0.810821437
0.812766457
0.814106746
0.813757188
0.812367196
0.813027121
0.810156197
0.81165174
0.807158776
0.808990117
0.804034034
0.802272768
